geocommit (1.0)
lat: 4.5816758
long: -74.1306184
hacc: 45.0
src: nmg
