geocommit (1.0)
lat: 4.581647
long: -74.1305942
hacc: 27.0
src: nmg
