geocommit (1.0)
lat: 4.5817005
long: -74.1306061
hacc: 23.0
src: nmg
