geocommit (1.0)
lat: 4.581703
long: -74.1306059
hacc: 23.0
src: nmg
