geocommit (1.0)
lat: 4.5817045
long: -74.1306065
hacc: 25.0
src: nmg
