geocommit (1.0)
lat: 4.5817082
long: -74.1306059
hacc: 27.0
src: nmg
