geocommit (1.0)
lat: 4.5816955
long: -74.1306064
hacc: 22.0
src: nmg
