geocommit (1.0)
lat: 4.5816473
long: -74.130594
hacc: 25.0
src: nmg
