geocommit (1.0)
lat: 4.5817043
long: -74.1306072
hacc: 25.0
src: nmg
