geocommit (1.0)
lat: 4.5817218
long: -74.1306063
hacc: 26.0
src: nmg
