geocommit (1.0)
lat: 4.5817021
long: -74.1306053
hacc: 23.0
src: nmg
