geocommit (1.0)
lat: 4.5817074
long: -74.1306069
hacc: 25.0
src: nmg
