geocommit (1.0)
lat: 4.5817045
long: -74.1306064
hacc: 22.0
src: nmg
