geocommit (1.0)
lat: 4.5816924
long: -74.1306053
hacc: 21.0
src: nmg
