geocommit (1.0)
lat: 4.5816962
long: -74.1306065
hacc: 24.0
src: nmg
