geocommit (1.0)
lat: 4.5817223
long: -74.1306058
hacc: 23.0
src: nmg
