geocommit (1.0)
lat: 4.5817094
long: -74.1306063
hacc: 23.0
src: nmg
