geocommit (1.0)
lat: 4.5816948
long: -74.1306045
hacc: 25.0
src: nmg
