geocommit (1.0)
lat: 4.581707
long: -74.1306061
hacc: 23.0
src: nmg
