geocommit (1.0)
lat: 4.5816861
long: -74.1305398
hacc: 33.0
src: nmg
