geocommit (1.0)
lat: 4.5816615
long: -74.1306228
hacc: 39.0
src: nmg
