geocommit (1.0)
lat: 4.5816566
long: -74.1306629
hacc: 40.0
src: nmg
