geocommit (1.0)
lat: 4.5816952
long: -74.1306062
hacc: 22.0
src: nmg
