geocommit (1.0)
lat: 4.5817241
long: -74.1306058
hacc: 22.0
src: nmg
