geocommit (1.0)
lat: 4.5816668
long: -74.1306228
hacc: 27.0
src: nmg
