geocommit (1.0)
lat: 4.5817118
long: -74.1306071
hacc: 26.0
src: nmg
