geocommit (1.0)
lat: 4.5816945
long: -74.1306071
hacc: 24.0
src: nmg
