geocommit (1.0)
lat: 4.5817206
long: -74.1306043
hacc: 26.0
src: nmg
