geocommit (1.0)
lat: 4.5817102
long: -74.1306057
hacc: 23.0
src: nmg
