geocommit (1.0)
lat: 4.5816988
long: -74.1306054
hacc: 23.0
src: nmg
