geocommit (1.0)
lat: 4.5817165
long: -74.1306064
hacc: 26.0
src: nmg
