geocommit (1.0)
lat: 4.5816857
long: -74.1305367
hacc: 37.0
src: nmg
