geocommit (1.0)
lat: 4.5817177
long: -74.1306062
hacc: 26.0
src: nmg
