geocommit (1.0)
lat: 4.598056
long: -74.075833
hacc: 25000.0
src: nmg
