geocommit (1.0)
lat: 4.5817075
long: -74.1306065
hacc: 26.0
src: nmg
