geocommit (1.0)
lat: 4.5817006
long: -74.1306059
hacc: 22.0
src: nmg
