geocommit (1.0)
lat: 4.5817178
long: -74.1306063
hacc: 25.0
src: nmg
