geocommit (1.0)
lat: 4.5816951
long: -74.1306055
hacc: 21.0
src: nmg
