geocommit (1.0)
lat: 4.5816473
long: -74.1305941
hacc: 25.0
src: nmg
