geocommit (1.0)
lat: 4.5817019
long: -74.1306072
hacc: 24.0
src: nmg
