geocommit (1.0)
lat: 4.5816812
long: -74.1305413
hacc: 39.0
src: nmg
